%DAWN  Black-purple-blue-green-yellow-white colormap
%
% Examples:
%   map = dawn;
%   map = dawn(len);
%   B = dawn(A);
%   B = dawn(A, lims);
%
% A black to white colormap with several distinct pastel shades reminiscent
% of colors at dawn. This colormap has been designed to achieve perceptual
% uniformity.
%
% The function can additionally be used to convert a real-valued array into
% a truecolor array using the colormap.
%
% IN:
%   len - Scalar length of the output colormap. If len == Inf the concise
%         table is returned. Default: len = size(get(gcf, 'Colormap'), 1);
%   A - Non-scalar numeric array of real values to be converted into
%       truecolor.
%   lims - 1x2 array of saturation limits to be used on A. Default:
%          [min(A(:)) max(A(:))].
%
% OUT:
%   map - (len)x3 colormap table of RGB values in the range [0,1].
%   B - size(A)x3 truecolor array.

% Copyright: Oliver Woodford, 2015

function map = dawn(varargin)
map = [     0         0         0
 0.171032357445594	0.100401676661458	0.299782360578451
0.170867743482030	0.104143717504732	0.303372472573426
0.170677321047312	0.107856084275888	0.306988537243776
0.170462950544896	0.111594289266868	0.310613915479513
0.170226899214561	0.115240200292764	0.314216476398188
0.169971798552273	0.118939138640002	0.317840347684905
0.169698423525980	0.122543075670477	0.321462318859339
0.169404139672267	0.126240070672049	0.325088268183470
0.169084492635970	0.129892011304335	0.328738460140841
0.168737287800883	0.133500688816501	0.332383207618608
0.168373025603758	0.137129332001823	0.336011961155100
0.168007217029771	0.140766945047586	0.339672620198568
0.167646116949328	0.144377544351634	0.343318795250554
0.167277793268597	0.147990070021873	0.346976943353898
0.166887826282105	0.151600106649961	0.350639156199885
0.166475660199280	0.155235227792100	0.354293597952936
0.166050790762318	0.158874918265965	0.357968849876766
0.165623343001898	0.162508083880539	0.361639008064489
0.165203474795365	0.166120980755700	0.365311749441498
0.164797107240297	0.169787056804346	0.369002136672030
0.164391185760718	0.173410910529904	0.372681749636266
0.163968146938431	0.177075036752110	0.376391199716949
0.163527111875818	0.180716269801663	0.380084731629058
0.163080659690624	0.184398475298864	0.383795344369693
0.162637136673603	0.188101227199797	0.387502107216398
0.162198134578680	0.191753825258034	0.391237679005150
0.161760406979804	0.195449082384228	0.394962109112506
0.161309904033895	0.199141081255514	0.398700175338291
0.160837264958181	0.202866247366889	0.402443426508011
0.160362151016986	0.206619756830226	0.406214011630864
0.159907653460768	0.210329238721393	0.409984194337879
0.159470684146854	0.214083818256151	0.413758218124519
0.159039267465548	0.217838643447235	0.417554512651839
0.158600917337273	0.221601219046679	0.421348919170824
0.158143839700043	0.225383595130049	0.425181120092856
0.157676416454633	0.229179389509819	0.429012841528440
0.157227828491864	0.232976865922190	0.432869620904398
0.156805623905073	0.236828700376732	0.436743972558845
0.156385930553895	0.240632212738259	0.440630821393946
0.155952416821812	0.244485047597487	0.444564288269559
0.155517410090857	0.248387200863026	0.448507049990986
0.155096649230945	0.252261005541089	0.452490679761635
0.154693926114038	0.256147965143727	0.456491625652444
0.154308643495796	0.260083578707431	0.460536220616272
0.153942605760419	0.264032518643585	0.464642491266895
0.153600114510652	0.267966179253725	0.468776658839908
0.153285895305586	0.271942136369354	0.472957779894280
0.153004816214044	0.275974897124329	0.477209116855532
0.152762062382086	0.279975444641882	0.481516274081789
0.152563322531694	0.284007279201351	0.485886395030471
0.152414787201479	0.288059397116105	0.490336541811360
0.152323124816265	0.292137258619597	0.494857002910948
0.152295485157570	0.296219487111643	0.499443685968817
0.152339426432062	0.300309833377529	0.504136166869203
0.152462813673969	0.304414479264296	0.508899197373557
0.152673777158083	0.308528618350027	0.513749145322844
0.152980604306208	0.312617536563116	0.518687715163809
0.153391568370193	0.316727370902888	0.523706108922730
0.153914596790575	0.320817318729836	0.528817464251921
0.154555473178206	0.324863853321033	0.533992922231003
0.155322859568743	0.328918529443444	0.539260074064857
0.156229383993634	0.332926082351566	0.544597916668584
0.157205715831168	0.336879493674569	0.549998013891377
0.158378434684127	0.340797363094481	0.555448192377748
0.159615881255296	0.344654848628695	0.560957418757219
0.161054542704444	0.348463122076325	0.566510782917666
0.162589485363833	0.352195202226538	0.572089962971266
0.164257800895780	0.355879294955248	0.577688860301761
0.166002988699870	0.359470288414034	0.583312943221035
0.167904301211219	0.362993312582423	0.588941141363239
0.169932499094442	0.366456524913124	0.594580649254881
0.172024522292957	0.369823003180744	0.600211924141422
0.174249209190197	0.373129983144404	0.605829726249228
0.176531172978691	0.376378667097551	0.611448677904621
0.178948670461149	0.379539634992903	0.617045461053347
0.181403150326025	0.382648301474673	0.622622357968383
0.183975574436358	0.385695600942773	0.628190389991357
0.186618594944418	0.388710990017929	0.633735957125410
0.189340659095797	0.391669392940547	0.639261958852124
0.192134340569380	0.394586573927247	0.644771493233136
0.195027460944194	0.397481211606244	0.650276363492213
0.197981890649944	0.400359207175773	0.655767467097411
0.201029546017788	0.403212656469469	0.661243196291243
0.204230574845932	0.406064634314901	0.666711131741446
0.207482782348924	0.408906334580197	0.672184358396220
0.210863014585336	0.411760736814409	0.677650769389781
0.214377988941212	0.414631352393153	0.683107738880535
0.218032875423680	0.417527602760369	0.688570946140520
0.221825681136062	0.420436421462428	0.694021493158322
0.225815694504661	0.423383559860083	0.699481229205490
0.229929873902165	0.426373062537800	0.704938666092705
0.234292418500639	0.429408166583692	0.710390296396403
0.238812701411645	0.432492251603522	0.715835847972027
0.243553464757229	0.435616730422551	0.721256732965781
0.248547352054138	0.438782452894673	0.726672370668399
0.253725376312276	0.442028139915364	0.732065505527361
0.259151697953473	0.445303235689519	0.737421847145391
0.264778045794571	0.448649370570706	0.742750294335738
0.270677181967179	0.452043307281923	0.748029177072814
0.276772901924388	0.455479713154656	0.753249677878600
0.283094925968357	0.458970607267264	0.758422164374771
0.289621708596527	0.462495024567184	0.763515612824202
0.296350906089575	0.466068257614708	0.768535349570849
0.303256776449224	0.469687853044085	0.773473539477837
0.310366694029537	0.473306944597913	0.778323585791530
0.317597430888558	0.476973549113496	0.783072010324742
0.324969885978004	0.480646923201573	0.787721369906313
0.332493575066066	0.484333974479805	0.792266595149639
0.340092941897987	0.488041675038017	0.796700651265396
0.347785858684846	0.491739246886283	0.801030195097512
0.355554894709735	0.495424592948499	0.805247248893921
0.363359070218171	0.499108143139790	0.809363308741918
0.371216765752435	0.502778391487232	0.813363285124886
0.379112839152980	0.506438156325889	0.817267486745036
0.387014022277706	0.510081560180097	0.821071563068461
0.394935049522051	0.513708761768238	0.824779892820485
0.402846612659336	0.517310202512451	0.828402254351770
0.410757935314656	0.520881138198083	0.831942909912549
0.418634267981334	0.524436082155960	0.835398036744603
0.426503914327730	0.527965974359170	0.838782156762723
0.434345794979527	0.531477170341452	0.842105323985293
0.442172221426231	0.534963564819972	0.845358817775711
0.449948358156056	0.538437445241383	0.848559361358033
0.457694605905645	0.541872405414686	0.851707131197041
0.465405550375175	0.545306806688840	0.854809998884485
0.473084709079877	0.548723741732355	0.857862812440195
